#KilogramPerMeterSquaredPerSecond
#Leaf_Area_Index
#MolePerKilogram
#PAR
#degree_Fahrenheit
#http://purl.obolibrary.org/obo/ENVO_01000406
#infrared
#ocean_surface
#oxygen_atom
#ultraviolet
00000010
00000011
00000012
00000013
00000014
00000015
00000016
00000017
00000018
00000020
00000021
00000025
00000027
00000028
00000030
00000031
00000032
00000033
00000034
00000035
00000037
00000039
00000040
00000043
00000044
00000045
00000046
00000047
00000048
00000049
00000050
00000051
00000052
00000053
00000054
00000055
00000056
00000057
00000058
00000059
00000060
00000061
00000062
00000063
00000064
00000065
00000066
00000067
00000068
00000069
00000070
00000071
00000072
00000073
00000074
00000075
00000076
00000077
00000078
00000079
00000080
00000081
00000082
00000083
00000090
00000091
00000092
00000093
00000094
00000095
00000096
00000097
00000098
00000099
00000100
00000101
00000102
00000103
00000104
00000105
00000106
00000107
00000108
00000109
00000110
00000111
00000200
00000201
00000202
00000203
00000204
00000205
00000206
00000207
00000208
00000300
00000301
00000305
00000306
00000307
00000308
00000309
00000310
00000311
00000312
00000313
00000314
00000315
00000316
00000317
00000318
00000319
00000320
00000321
00000323
00000324
00000325
00000326
00000327
00000328
00000329
00000331
00000333
00000335
00000336
00000337
00000339
00000340
00000341
00000343
00000501
00000502
00000503
00000504
00000505
00000506
00000507
00000508
00000509
00000510
00000511
00000512
00000513
00000514
00000515
00000516
00000517
00000518
00000519
00000520
00000521
00000522
00000523
00000524
00000525
00000526
00000527
00000528
00000529
00000530
00000531
00000532
00000533
00000534
00000535
00000536
00000537
00000538
00000539
00000540
00000541
00000542
00000543
00000544
00000545
00000546
00000547
00000548
00000549
00000550
00000551
00000552
00000553
00000554
00000555
00000556
00000557
00000558
00000559
00000562
00000563
00000564
00000565
00000566
00000567
00000568
00000569
00000570
00000571
00000572
00000573
00000574
00000575
00000576
00000577
00000578
00000579
00000580
00000582
00001100
00001101
00001102
00001103
00001104
00001105
00001106
00001107
00001108
00001109
00001110
00001111
00001112
00001113
00001114
00001115
00001116
00001117
00001118
00001120
00001121
00001122
00001123
00001125
00001126
00001127
00001128
00001129
00001130
00001131
00001132
00001133
00001134
00001135
00001136
00001137
00001138
00001139
00001140
00001141
00001142
00001143
00001144
00001145
00001146
00001147
00001148
00001149
00001150
00001151
00001152
00001153
00001154
00001155
00001156
00001157
00001158
00001159
00001160
00001161
00001162
00001163
00001164
00001165
00001166
00001167
00001168
00001169
00001170
00001171
00001172
00001173
00001174
00001175
00001176
00001177
00001178
00001179
00001180
00001181
00001182
00001183
00001184
00001185
00001186
00001187
00001188
00001189
00001190
00001191
00001192
00001193
00001194
00001195
00001196
00001197
00001198
00001199
00001200
00001201
00001202
00001203
00001204
00001205
00001206
00001207
00001208
00001209
00001210
00001211
00001212
00001213
00001214
00001215
00001216
00001217
00001218
00001219
00001220
00001221
00001222
00001223
00001224
00001225
00001226
00001227
00001228
00001229
00001230
00001231
00001232
00001233
00001234
00001235
00001236
00001237
00001238
00001239
00001240
00001241
00001242
00001243
00001244
00001245
00001246
00001247
00001248
00001249
00001250
00001251
00001252
00001253
00001254
00001255
00001256
00001257
00002569
00002775
00002776
00002777
00002932
00003030
00003031
00003195
00003196
01000001
01000003
01000004
01000005
01000006
01000007
01000008
Leaf_Decomposition
Leaves
_tons
